epsilon_greedy:
  gamma: 0.8630693949552
  alpha: 0.012520653815
  epsilon_start: 0.8958625190413
  epsilon_end: 0.068130470176

softmax:
  gamma: 0.925
  alpha: 0.01
  temperature: 0.1414213562373
